

Reading dataset robot_with_momentum.data ...
Building an HMM from the full training data...
learn_from_labeled_data took 189.577 ms
The model:
states = 1:2 1:3 2:1 2:3 2:4 3:1 3:2 3:3 3:4 4:1 4:2 4:4
observations = b g r y

Model:  
initial: 
[  0.080189 0.084906 0.080189 0.061321 0.084906 0.084906 0.089623 0.047170 0.103774 0.089623 0.122642 0.070755  ]

transition: 
[  0.790236  0.205627  0.000414  0.000414  0.000414  0.000414  0.000414  0.000414  0.000414  0.000414  0.000414  0.000414  ]
[  0.174361  0.644176  0.000355  0.178267  0.000355  0.000355  0.000355  0.000355  0.000355  0.000355  0.000355  0.000355  ]
[  0.000192  0.000192  0.800885  0.000192  0.000192  0.197191  0.000192  0.000192  0.000192  0.000192  0.000192  0.000192  ]
[  0.000439  0.217639  0.000439  0.366389  0.118034  0.000439  0.000439  0.294427  0.000439  0.000439  0.000439  0.000439  ]
[  0.000252  0.000252  0.000252  0.170116  0.646391  0.000252  0.000252  0.000252  0.181222  0.000252  0.000252  0.000252  ]
[  0.000293  0.000293  0.304157  0.000293  0.000293  0.247658  0.097775  0.000293  0.000293  0.348068  0.000293  0.000293  ]
[  0.000460  0.000460  0.000460  0.000460  0.000460  0.301609  0.342529  0.240460  0.000460  0.000460  0.111724  0.000460  ]
[  0.000430  0.000430  0.000430  0.110872  0.000430  0.000430  0.223464  0.350666  0.311560  0.000430  0.000430  0.000430  ]
[  0.000301  0.000301  0.000301  0.000301  0.339753  0.000301  0.000301  0.092687  0.287692  0.000301  0.000301  0.277460  ]
[  0.000212  0.000212  0.000212  0.000212  0.000212  0.186096  0.000212  0.000212  0.000212  0.639466  0.172531  0.000212  ]
[  0.000333  0.000333  0.000333  0.000333  0.000333  0.000333  0.186232  0.000333  0.000333  0.168274  0.642501  0.000333  ]
[  0.000232  0.000232  0.000232  0.000232  0.000232  0.000232  0.000232  0.000232  0.210869  0.000232  0.000232  0.786809  ]

observation: 
[  0.024804  0.023150  0.921455  0.030591  ]
[  0.023717  0.931327  0.023717  0.021239  ]
[  0.025862  0.925862  0.026245  0.022031  ]
[  0.925033  0.026304  0.021482  0.027181  ]
[  0.021373  0.023636  0.932110  0.022882  ]
[  0.026300  0.023670  0.023086  0.926943  ]
[  0.023886  0.924208  0.028480  0.023427  ]
[  0.027073  0.021917  0.930812  0.020198  ]
[  0.026442  0.033654  0.024940  0.914964  ]
[  0.927077  0.025153  0.025153  0.022617  ]
[  0.023217  0.025871  0.025539  0.925373  ]
[  0.927878  0.024734  0.025890  0.021498  ]


run_viterbi took 4603.446 ms
