

Reading dataset robot_no_momentum.data ...
Building an HMM from the full training data...
learn_from_labeled_data took 137.256 ms
The model:
states = 1:2 1:3 2:1 2:3 2:4 3:1 3:2 3:3 3:4 4:1 4:2 4:4
observations = b g r y

Model:  
initial: 
[  0.080189 0.080189 0.108491 0.080189 0.113208 0.047170 0.075472 0.075472 0.070755 0.103774 0.051887 0.113208  ]

transition: 
[  0.760667  0.236507  0.000283  0.000283  0.000283  0.000283  0.000283  0.000283  0.000283  0.000283  0.000283  0.000283  ]
[  0.247184  0.493776  0.000296  0.256372  0.000296  0.000296  0.000296  0.000296  0.000296  0.000296  0.000296  0.000296  ]
[  0.000335  0.000335  0.734359  0.000335  0.000335  0.262295  0.000335  0.000335  0.000335  0.000335  0.000335  0.000335  ]
[  0.000294  0.251765  0.000294  0.256176  0.250000  0.000294  0.000294  0.239706  0.000294  0.000294  0.000294  0.000294  ]
[  0.000295  0.000295  0.000295  0.247496  0.491456  0.000295  0.000295  0.000295  0.258397  0.000295  0.000295  0.000295  ]
[  0.000315  0.000315  0.245747  0.000315  0.000315  0.248897  0.256774  0.000315  0.000315  0.246062  0.000315  0.000315  ]
[  0.000303  0.000303  0.000303  0.000303  0.000303  0.244161  0.248408  0.256900  0.000303  0.000303  0.248104  0.000303  ]
[  0.000302  0.000302  0.000302  0.247737  0.000302  0.000302  0.256789  0.247435  0.245625  0.000302  0.000302  0.000302  ]
[  0.000292  0.000292  0.000292  0.000292  0.250365  0.000292  0.000292  0.241319  0.259702  0.000292  0.000292  0.246280  ]
[  0.000304  0.000304  0.000304  0.000304  0.000304  0.240414  0.000304  0.000304  0.000304  0.500609  0.256239  0.000304  ]
[  0.000296  0.000296  0.000296  0.000296  0.000296  0.000296  0.238673  0.000296  0.000296  0.249926  0.508736  0.000296  ]
[  0.000296  0.000296  0.000296  0.000296  0.000296  0.000296  0.000296  0.000296  0.251408  0.000296  0.000296  0.745627  ]

observation: 
[  0.025677  0.025959  0.925226  0.023138  ]
[  0.026066  0.915877  0.026363  0.031694  ]
[  0.023675  0.930310  0.023675  0.022341  ]
[  0.922649  0.025784  0.021975  0.029593  ]
[  0.027647  0.022941  0.926471  0.022941  ]
[  0.027061  0.023914  0.025488  0.923537  ]
[  0.024501  0.927102  0.023291  0.025106  ]
[  0.026474  0.030084  0.916065  0.027377  ]
[  0.027302  0.025269  0.022945  0.924484  ]
[  0.924666  0.025213  0.020960  0.029162  ]
[  0.026852  0.021245  0.026852  0.925052  ]
[  0.924350  0.029551  0.023345  0.022754  ]


run_viterbi took 4515.309 ms
